0 04 2 3 7 1 6 8 5 0 
1 04 2 3 7 1 6 8 0 5 
2 04 2 3 7 1 0 8 5 6 
3 14 2 3 7 1 6 0 8 5 
4 14 2 3 7 0 6 8 1 5 
5 24 2 3 7 0 1 8 5 6 
6 24 2 0 7 1 3 8 5 6 
7 34 2 3 0 1 6 7 8 5 
8 44 2 3 7 6 0 8 1 5 
9 44 2 3 0 7 6 8 1 5 
10 44 0 3 7 2 6 8 1 5 
11 54 2 3 0 7 1 8 5 6 
12 54 0 3 7 2 1 8 5 6 
13 54 2 3 7 5 1 8 0 6 
14 64 0 2 7 1 3 8 5 6 
15 74 2 3 1 0 6 7 8 5 
16 70 2 3 4 1 6 7 8 5 
17 84 2 0 7 6 3 8 1 5 
18 84 2 3 7 6 5 8 1 0 
19 90 2 3 4 7 6 8 1 5 
20 94 2 3 8 7 6 0 1 5 
21 104 3 0 7 2 6 8 1 5 
22 100 4 3 7 2 6 8 1 5 
23 110 2 3 4 7 1 8 5 6 
24 114 2 3 8 7 1 0 5 6 
25 124 3 0 7 2 1 8 5 6 
26 120 4 3 7 2 1 8 5 6 
27 134 2 3 7 5 1 8 6 0 
28 134 2 3 7 5 1 0 8 6 
29 140 4 2 7 1 3 8 5 6 
30 144 1 2 7 0 3 8 5 6 
31 154 2 3 1 6 0 7 8 5 
32 154 0 3 1 2 6 7 8 5 
33 154 2 3 1 8 6 7 0 5 
34 162 0 3 4 1 6 7 8 5 
35 174 0 2 7 6 3 8 1 5 
36 184 2 3 7 6 5 8 0 1 
37 192 0 3 4 7 6 8 1 5 
38 204 2 3 8 7 6 1 0 5 
39 214 3 6 7 2 0 8 1 5 
40 227 4 3 0 2 6 8 1 5 
41 232 0 3 4 7 1 8 5 6 
42 244 2 3 8 7 1 5 0 6 
43 254 3 1 7 2 0 8 5 6 
44 267 4 3 0 2 1 8 5 6 
45 274 2 3 7 5 0 8 6 1 
46 284 2 3 0 5 1 7 8 6 
47 297 4 2 0 1 3 8 5 6 
48 304 1 2 7 3 0 8 5 6 
49 304 1 2 0 7 3 8 5 6 
50 304 1 2 7 5 3 8 0 6 
51 314 2 0 1 6 3 7 8 5 
52 314 2 3 1 6 5 7 8 0 
53 324 3 0 1 2 6 7 8 5 
54 320 4 3 1 2 6 7 8 5 
55 334 2 3 1 8 6 7 5 0 
56 334 2 3 1 8 6 0 7 5 
57 342 3 0 4 1 6 7 8 5 
58 342 1 3 4 0 6 7 8 5 
59 350 4 2 7 6 3 8 1 5 
60 354 6 2 7 0 3 8 1 5 
61 364 2 3 7 6 5 0 8 1 
62 364 2 3 7 0 5 8 6 1 
63 372 3 0 4 7 6 8 1 5 
64 372 7 3 4 0 6 8 1 5 
65 384 2 3 8 7 6 1 5 0 
66 384 2 3 8 0 6 1 7 5 
67 394 3 6 7 0 2 8 1 5 
68 394 3 6 7 2 5 8 1 0 
69 407 4 3 2 0 6 8 1 5 
70 407 4 3 8 2 6 0 1 5 
71 412 3 0 4 7 1 8 5 6 
72 412 7 3 4 0 1 8 5 6 
73 424 2 3 8 7 1 5 6 0 
74 424 2 3 8 0 1 5 7 6 
75 434 3 1 7 0 2 8 5 6 
76 434 3 1 7 2 6 8 5 0 
77 447 4 3 2 0 1 8 5 6 
78 447 4 3 8 2 1 0 5 6 
79 454 2 0 7 5 3 8 6 1 
80 464 2 3 5 0 1 7 8 6 
81 460 2 3 4 5 1 7 8 6 
82 477 4 2 1 0 3 8 5 6 
83 477 4 2 8 1 3 0 5 6 
84 484 1 0 7 3 2 8 5 6 
85 484 1 2 7 3 6 8 5 0 
86 490 1 2 4 7 3 8 5 6 
87 494 1 2 8 7 3 0 5 6 
88 504 1 2 7 5 3 8 6 0 
89 504 1 2 7 5 3 0 8 6 
90 514 0 2 1 6 3 7 8 5 
91 524 2 3 1 6 5 7 0 8 
92 534 3 6 1 2 0 7 8 5 
93 541 4 3 0 2 6 7 8 5 
94 554 2 3 1 8 0 7 5 6 
95 564 2 3 0 8 6 1 7 5 
96 572 3 6 4 1 0 7 8 5 
97 582 1 3 4 6 0 7 8 5 
98 582 1 3 0 4 6 7 8 5 
99 582 1 3 4 8 6 7 0 5 
100 597 4 2 0 6 3 8 1 5 
101 604 6 2 7 3 0 8 1 5 
102 604 6 2 0 7 3 8 1 5 
103 604 6 2 7 1 3 8 0 5 
104 614 2 3 0 6 5 7 8 1 
105 624 2 3 0 7 5 8 6 1 
106 624 0 3 7 2 5 8 6 1 
107 632 3 6 4 7 0 8 1 5 
108 642 7 3 4 6 0 8 1 5 
109 642 7 3 0 4 6 8 1 5 
110 642 7 3 4 1 6 8 0 5 
111 654 2 3 8 7 0 1 5 6 
112 664 2 3 8 6 0 1 7 5 
113 664 0 3 8 2 6 1 7 5 
114 674 3 6 0 7 2 8 1 5 
115 674 0 6 7 3 2 8 1 5 
116 674 3 6 7 1 2 8 0 5 
117 684 3 6 7 2 5 8 0 1 
118 697 4 3 2 6 0 8 1 5 
119 697 0 3 2 4 6 8 1 5 
120 697 4 3 2 1 6 8 0 5 
121 707 4 3 8 2 6 1 0 5 
122 712 3 1 4 7 0 8 5 6 
123 722 7 3 4 1 0 8 5 6 
124 722 7 3 0 4 1 8 5 6 
125 722 7 3 4 5 1 8 0 6 
126 734 2 3 8 7 0 5 6 1 
127 744 2 3 8 1 0 5 7 6 
128 744 2 3 0 8 1 5 7 6 
129 744 0 3 8 2 1 5 7 6 
130 754 3 1 0 7 2 8 5 6 
131 754 0 1 7 3 2 8 5 6 
132 754 3 1 7 5 2 8 0 6 
133 764 3 1 7 2 6 8 0 5 
134 777 4 3 2 1 0 8 5 6 
135 777 0 3 2 4 1 8 5 6 
136 777 4 3 2 5 1 8 0 6 
137 787 4 3 8 2 1 5 0 6 
138 794 0 2 7 5 3 8 6 1 
139 804 2 3 5 1 0 7 8 6 
140 804 0 3 5 2 1 7 8 6 
141 804 2 3 5 8 1 7 0 6 
142 812 0 3 4 5 1 7 8 6 
143 827 4 2 1 3 0 8 5 6 
144 827 0 2 1 4 3 8 5 6 
145 827 4 2 1 5 3 8 0 6 
146 837 4 2 8 1 3 5 0 6 
147 854 1 2 7 3 6 8 0 5 
148 861 0 2 4 7 3 8 5 6 
149 874 1 2 8 7 3 5 0 6 
150 884 1 2 7 5 0 8 6 3 
151 894 1 2 0 5 3 7 8 6 
152 900 4 2 1 6 3 7 8 5 
153 904 6 2 1 0 3 7 8 5 
154 914 2 3 1 6 5 0 7 8 
155 914 2 3 1 0 5 7 6 8 
156 924 3 6 1 0 2 7 8 5 
157 924 3 6 1 2 5 7 8 0 
158 931 4 3 2 0 6 7 8 5 
159 931 4 3 7 2 6 0 8 5 
160 944 2 3 1 0 8 7 5 6 
161 944 2 0 1 8 3 7 5 6 
162 950 2 3 4 8 6 1 7 5 
163 962 3 6 4 0 1 7 8 5 
164 962 3 6 4 1 5 7 8 0 
165 972 1 0 4 6 3 7 8 5 
166 972 1 3 4 6 5 7 8 0 
167 980 1 3 2 4 6 7 8 5 
168 982 1 3 7 4 6 0 8 5 
169 992 1 3 4 8 6 7 5 0 
170 992 1 3 4 8 6 0 7 5 
171 1007 4 2 6 0 3 8 1 5 
172 1007 4 2 8 6 3 0 1 5 
173 1014 6 0 7 3 2 8 1 5 
174 1014 6 2 7 3 5 8 1 0 
175 1020 6 2 4 7 3 8 1 5 
176 1024 6 2 8 7 3 0 1 5 
177 1034 6 2 7 1 3 8 5 0 
178 1034 6 2 7 1 3 0 8 5 
179 1044 2 3 6 0 5 7 8 1 
180 1040 2 3 4 6 5 7 8 1 
181 1050 2 3 4 7 5 8 6 1 
182 1054 2 3 8 7 5 0 6 1 
183 1064 3 0 7 2 5 8 6 1 
184 1060 4 3 7 2 5 8 6 1 
185 1072 3 6 4 0 7 8 1 5 
186 1072 3 6 4 7 5 8 1 0 
187 1082 7 0 4 6 3 8 1 5 
188 1082 7 3 4 6 5 8 1 0 
189 1090 7 3 2 4 6 8 1 5 
190 1092 7 3 8 4 6 0 1 5 
191 1102 7 3 4 1 6 8 5 0 
192 1102 7 3 4 1 6 0 8 5 
193 1114 2 3 8 0 7 1 5 6 
194 1114 2 0 8 7 3 1 5 6 
195 1124 2 0 8 6 3 1 7 5 
196 1124 2 3 8 6 5 1 7 0 
197 1134 3 0 8 2 6 1 7 5 
198 1130 4 3 8 2 6 1 7 5 
199 1140 3 6 4 7 2 8 1 5 
200 1144 3 6 8 7 2 0 1 5 
201 1150 4 6 7 3 2 8 1 5 
202 1164 3 6 7 1 2 8 5 0 
203 1164 3 6 7 1 2 0 8 5 
204 1174 3 6 7 2 5 0 8 1 
205 1174 3 6 7 0 5 8 2 1 
206 1187 4 0 2 6 3 8 1 5 
207 1187 4 3 2 6 5 8 1 0 
208 1197 3 0 2 4 6 8 1 5 
209 1207 4 3 2 1 6 8 5 0 
210 1207 4 3 2 1 6 0 8 5 
211 1217 4 3 8 2 6 1 5 0 
212 1217 4 3 8 0 6 1 2 5 
213 1222 3 1 4 0 7 8 5 6 
214 1222 3 1 4 7 6 8 5 0 
215 1232 7 0 4 1 3 8 5 6 
216 1240 7 3 2 4 1 8 5 6 
217 1242 7 3 8 4 1 0 5 6 
218 1252 7 3 4 5 1 8 6 0 
219 1252 7 3 4 5 1 0 8 6 
220 1264 2 3 8 0 7 5 6 1 
221 1264 2 0 8 7 3 5 6 1 
222 1274 2 0 8 1 3 5 7 6 
223 1274 2 3 8 1 6 5 7 0 
224 1280 2 3 4 8 1 5 7 6 
225 1284 2 3 5 8 1 0 7 6 
226 1294 3 0 8 2 1 5 7 6 
227 1290 4 3 8 2 1 5 7 6 
228 1300 3 1 4 7 2 8 5 6 
229 1304 3 1 8 7 2 0 5 6 
230 1310 4 1 7 3 2 8 5 6 
231 1324 3 1 7 5 2 8 6 0 
232 1324 3 1 7 5 2 0 8 6 
233 1334 3 1 7 2 6 0 8 5 
234 1334 3 1 7 0 6 8 2 5 
235 1347 4 0 2 1 3 8 5 6 
236 1357 3 0 2 4 1 8 5 6 
237 1367 4 3 2 5 1 8 6 0 
238 1367 4 3 2 5 1 0 8 6 
239 1377 4 3 8 2 1 5 6 0 
240 1377 4 3 8 0 1 5 2 6 
241 1380 4 2 7 5 3 8 6 1 
242 1384 5 2 7 0 3 8 6 1 
243 1394 2 0 5 1 3 7 8 6 
244 1394 2 3 5 1 6 7 8 0 
245 1404 3 0 5 2 1 7 8 6 
246 1400 4 3 5 2 1 7 8 6 
247 1414 2 3 5 8 1 7 6 0 
248 1422 3 0 4 5 1 7 8 6 
249 1422 5 3 4 0 1 7 8 6 
250 1437 4 0 1 3 2 8 5 6 
251 1437 4 2 1 3 6 8 5 0 
252 1447 2 0 1 4 3 8 5 6 
253 1440 7 2 1 4 3 8 5 6 
254 1457 4 2 1 5 3 8 6 0 
255 1457 4 2 1 5 3 0 8 6 
256 1467 4 2 8 1 3 5 6 0 
257 1467 4 2 8 0 3 5 1 6 
258 1474 1 2 7 3 6 0 8 5 
259 1474 1 2 7 0 6 8 3 5 
260 1481 2 0 4 7 3 8 5 6 
261 1481 7 2 4 0 3 8 5 6 
262 1494 1 2 8 7 3 5 6 0 
263 1494 1 2 8 0 3 5 7 6 
264 1504 1 2 7 0 5 8 6 3 
265 1504 1 0 7 5 2 8 6 3 
266 1514 1 2 5 0 3 7 8 6 
267 1510 1 2 4 5 3 7 8 6 
268 1521 4 2 0 6 3 7 8 5 
269 1534 6 2 1 3 0 7 8 5 
270 1534 6 2 0 1 3 7 8 5 
271 1534 6 2 1 8 3 7 0 5 
272 1544 2 3 0 6 5 1 7 8 
273 1554 2 3 1 5 0 7 6 8 
274 1554 2 3 0 1 5 7 6 8 
275 1554 0 3 1 2 5 7 6 8 
276 1564 3 6 0 1 2 7 8 5 
277 1564 0 6 1 3 2 7 8 5 
278 1564 3 6 1 8 2 7 0 5 
279 1574 3 6 1 2 5 7 0 8 
280 1581 4 3 2 6 0 7 8 5 
281 1581 0 3 2 4 6 7 8 5 
282 1581 4 3 2 8 6 7 0 5 
283 1591 4 3 7 2 6 8 0 5 
284 1604 2 3 0 1 8 7 5 6 
285 1604 0 3 1 2 8 7 5 6 
286 1604 2 3 1 5 8 7 0 6 
287 1614 0 2 1 8 3 7 5 6 
288 1622 0 3 4 8 6 1 7 5 
289 1632 3 6 0 4 1 7 8 5 
290 1632 0 6 4 3 1 7 8 5 
291 1632 3 6 4 8 1 7 0 5 
292 1642 3 6 4 1 5 7 0 8 
293 1652 0 1 4 6 3 7 8 5 
294 1662 1 3 4 6 5 7 0 8 
295 1682 1 3 7 4 6 8 0 5 
296 1692 1 3 4 8 0 7 5 6 
297 1702 1 3 0 8 6 4 7 5 
298 1717 4 2 6 3 0 8 1 5 
299 1717 0 2 6 4 3 8 1 5 
300 1717 4 2 6 1 3 8 0 5 
301 1727 4 2 8 6 3 1 0 5 
302 1744 6 2 7 3 5 8 0 1 
303 1756 0 2 4 7 3 8 1 5 
304 1764 6 2 8 7 3 1 0 5 
305 1774 6 2 7 1 0 8 5 3 
306 1794 2 3 6 5 0 7 8 1 
307 1794 0 3 6 2 5 7 8 1 
308 1794 2 3 6 8 5 7 0 1 
309 1802 0 3 4 6 5 7 8 1 
310 1812 0 3 4 7 5 8 6 1 
311 1824 2 3 8 7 5 6 0 1 
312 1834 3 5 7 2 0 8 6 1 
313 1847 4 3 0 2 5 8 6 1 
314 1852 3 6 0 4 7 8 1 5 
315 1852 0 6 4 3 7 8 1 5 
316 1852 3 6 4 1 7 8 0 5 
317 1862 3 6 4 7 5 8 0 1 
318 1872 0 7 4 6 3 8 1 5 
319 1882 7 3 4 6 5 8 0 1 
320 1902 7 3 8 4 6 1 0 5 
321 1922 7 3 0 1 6 4 8 5 
322 1934 2 3 0 8 7 1 5 6 
323 1934 0 3 8 2 7 1 5 6 
324 1934 2 3 8 5 7 1 0 6 
325 1944 0 2 8 7 3 1 5 6 
326 1954 0 2 8 6 3 1 7 5 
327 1964 2 3 8 6 5 1 0 7 
328 1974 3 6 8 2 0 1 7 5 
329 1988 4 3 0 2 6 1 7 5 
330 1993 0 6 4 7 2 8 1 5 
331 2004 3 6 8 7 2 1 0 5 
332 2017 4 6 0 3 2 8 1 5 
333 2024 3 6 7 1 0 8 5 2 
334 2044 3 6 0 2 5 7 8 1 
335 2054 3 6 7 5 0 8 2 1 
336 2054 3 6 0 7 5 8 2 1 
337 2054 0 6 7 3 5 8 2 1 
338 2067 0 4 2 6 3 8 1 5 
339 2077 4 3 2 6 5 8 0 1 
340 2087 3 6 2 4 0 8 1 5 
341 2107 4 3 0 1 6 2 8 5 
342 2117 4 3 8 2 0 1 5 6 
343 2127 4 3 8 6 0 1 2 5 
344 2127 4 3 0 8 6 1 2 5 
345 2127 0 3 8 4 6 1 2 5 
346 2132 3 1 0 4 7 8 5 6 
347 2132 0 1 4 3 7 8 5 6 
348 2132 3 1 4 5 7 8 0 6 
349 2142 3 1 4 7 6 8 0 5 
350 2152 0 7 4 1 3 8 5 6 
351 2172 7 3 8 4 1 5 0 6 
352 2182 7 3 4 5 0 8 6 1 
353 2192 7 3 0 5 1 4 8 6 
354 2204 2 3 0 8 7 5 6 1 
355 2204 0 3 8 2 7 5 6 1 
356 2204 2 3 8 6 7 5 0 1 
357 2214 0 2 8 7 3 5 6 1 
358 2224 0 2 8 1 3 5 7 6 
359 2234 2 3 8 1 6 5 0 7 
360 2242 0 3 4 8 1 5 7 6 
361 2264 3 1 8 2 0 5 7 6 
362 2278 4 3 0 2 1 5 7 6 
363 2283 0 1 4 7 2 8 5 6 
364 2294 3 1 8 7 2 5 0 6 
365 2307 4 1 0 3 2 8 5 6 
366 2314 3 1 7 5 0 8 6 2 
367 2324 3 1 0 5 2 7 8 6 
368 2334 3 1 0 2 6 7 8 5 
369 2344 3 1 7 6 0 8 2 5 
370 2344 3 1 0 7 6 8 2 5 
371 2344 0 1 7 3 6 8 2 5 
372 2357 0 4 2 1 3 8 5 6 
373 2367 3 1 2 4 0 8 5 6 
374 2377 4 3 2 5 0 8 6 1 
375 2387 4 3 0 5 1 2 8 6 
376 2397 4 3 8 2 0 5 6 1 
377 2407 4 3 8 1 0 5 2 6 
378 2407 4 3 0 8 1 5 2 6 
379 2407 0 3 8 4 1 5 2 6 
380 2417 4 2 0 5 3 8 6 1 
381 2424 5 2 7 3 0 8 6 1 
382 2424 5 2 0 7 3 8 6 1 
383 2424 5 2 7 6 3 8 0 1 
384 2434 0 2 5 1 3 7 8 6 
385 2444 2 3 5 1 6 7 0 8 
386 2454 3 1 5 2 0 7 8 6 
387 2465 4 3 0 2 1 7 8 6 
388 2474 2 3 5 8 0 7 6 1 
389 2482 3 1 4 5 0 7 8 6 
390 2492 5 3 4 1 0 7 8 6 
391 2492 5 3 0 4 1 7 8 6 
392 2492 5 3 4 8 1 7 0 6 
393 2507 0 4 1 3 2 8 5 6 
394 2517 4 2 1 3 6 8 0 5 
395 2527 2 3 1 4 0 8 5 6 
396 2531 7 2 0 4 3 8 5 6 
397 2547 4 2 1 5 0 8 6 3 
398 2557 4 2 0 5 3 1 8 6 
399 2567 4 2 8 1 0 5 6 3 
400 2577 4 2 8 3 0 5 1 6 
401 2577 4 2 0 8 3 5 1 6 
402 2577 0 2 8 4 3 5 1 6 
403 2584 1 2 0 3 6 7 8 5 
404 2594 1 2 7 6 0 8 3 5 
405 2594 1 2 0 7 6 8 3 5 
406 2594 0 2 7 1 6 8 3 5 
407 2601 2 3 4 7 0 8 5 6 
408 2611 7 2 4 3 0 8 5 6 
409 2611 7 2 4 5 3 8 0 6 
410 2624 1 2 8 7 0 5 6 3 
411 2634 1 2 8 3 0 5 7 6 
412 2634 1 2 0 8 3 5 7 6 
413 2644 1 2 0 7 5 8 6 3 
414 2644 0 2 7 1 5 8 6 3 
415 2644 1 2 7 6 5 8 0 3 
416 2654 0 1 7 5 2 8 6 3 
417 2664 1 2 5 3 0 7 8 6 
418 2664 1 2 5 8 3 7 0 6 
419 2671 0 2 4 5 3 7 8 6 
420 2681 4 2 6 0 3 7 8 5 
421 2681 4 2 7 6 3 0 8 5 
422 2694 6 0 1 3 2 7 8 5 
423 2694 6 2 1 3 5 7 8 0 
424 2700 6 2 4 1 3 7 8 5 
425 2714 6 2 1 8 3 7 5 0 
426 2714 6 2 1 8 3 0 7 5 
427 2724 2 3 6 0 5 1 7 8 
428 2720 2 3 4 6 5 1 7 8 
429 2734 2 0 1 5 3 7 6 8 
430 2734 2 3 1 5 8 7 6 0 
431 2740 2 3 4 1 5 7 6 8 
432 2744 2 3 7 1 5 0 6 8 
433 2754 3 0 1 2 5 7 6 8 
434 2750 4 3 1 2 5 7 6 8 
435 2760 3 6 4 1 2 7 8 5 
436 2770 4 6 1 3 2 7 8 5 
437 2784 3 6 1 8 2 7 5 0 
438 2784 3 6 1 8 2 0 7 5 
439 2794 3 6 1 2 5 0 7 8 
440 2794 3 6 1 0 5 7 2 8 
441 2801 4 0 2 6 3 7 8 5 
442 2801 4 3 2 6 5 7 8 0 
443 2811 3 0 2 4 6 7 8 5 
444 2821 4 3 2 8 6 7 5 0 
445 2821 4 3 2 8 6 0 7 5 
446 2831 4 3 7 2 6 8 5 0 
447 2831 4 3 7 0 6 8 2 5 
448 2840 2 3 4 1 8 7 5 6 
449 2844 2 3 7 1 8 0 5 6 
450 2854 3 0 1 2 8 7 5 6 
451 2850 4 3 1 2 8 7 5 6 
452 2864 2 3 1 5 8 0 7 6 
453 2870 4 2 1 8 3 7 5 6 
454 2874 8 2 1 0 3 7 5 6 
455 2882 3 0 4 8 6 1 7 5 
456 2882 8 3 4 0 6 1 7 5 
457 2890 3 6 2 4 1 7 8 5 
458 2892 3 6 7 4 1 0 8 5 
459 2902 6 0 4 3 1 7 8 5 
460 2900 2 6 4 3 1 7 8 5 
461 2912 3 6 4 8 1 7 5 0 
462 2912 3 6 4 8 1 0 7 5 
463 2922 3 6 4 1 5 0 7 8 
464 2922 3 6 4 0 5 7 1 8 
465 2930 2 1 4 6 3 7 8 5 
466 2932 6 1 4 0 3 7 8 5 
467 2942 1 3 4 6 5 0 7 8 
468 2942 1 3 4 0 5 7 6 8 
469 2952 1 3 7 4 6 8 5 0 
470 2952 1 3 7 0 6 8 4 5 
471 2962 1 3 4 0 8 7 5 6 
472 2962 1 0 4 8 3 7 5 6 
473 2972 1 3 8 0 6 4 7 5 
474 2970 1 3 2 8 6 4 7 5 
475 2987 4 0 6 3 2 8 1 5 
476 2987 4 2 6 3 5 8 1 0 
477 2997 2 0 6 4 3 8 1 5 
478 2990 7 2 6 4 3 8 1 5 
479 3007 4 2 6 1 3 8 5 0 
480 3007 4 2 6 1 3 0 8 5 
481 3017 4 2 8 6 3 1 5 0 
482 3017 4 2 8 0 3 1 6 5 
483 3024 6 2 7 3 5 0 8 1 
484 3024 6 2 7 0 5 8 3 1 
485 3036 2 0 4 7 3 8 1 5 
486 3036 7 2 4 0 3 8 1 5 
487 3044 6 2 8 7 3 1 5 0 
488 3044 6 2 8 0 3 1 7 5 
489 3054 6 2 7 0 1 8 5 3 
490 3054 6 0 7 1 2 8 5 3 
491 3064 2 0 6 5 3 7 8 1 
492 3064 2 3 6 5 1 7 8 0 
493 3074 3 0 6 2 5 7 8 1 
494 3070 4 3 6 2 5 7 8 1 
495 3084 2 3 6 8 5 7 1 0 
496 3084 2 3 6 8 5 0 7 1 
497 3092 3 0 4 6 5 7 8 1 
498 3092 6 3 4 0 5 7 8 1 
499 3102 3 0 4 7 5 8 6 1 
500 3102 7 3 4 0 5 8 6 1 
501 3114 2 3 8 7 5 6 1 0 
502 3114 2 3 8 0 5 6 7 1 
503 3124 3 5 7 0 2 8 6 1 
504 3124 3 5 7 2 1 8 6 0 
505 3137 4 3 2 0 5 8 6 1 
506 3137 4 3 8 2 5 0 6 1 
507 3140 3 6 2 4 7 8 1 5 
508 3142 3 6 8 4 7 0 1 5 
509 3152 6 0 4 3 7 8 1 5 
510 3150 2 6 4 3 7 8 1 5 
511 3162 3 6 4 1 7 8 5 0 
512 3162 3 6 4 1 7 0 8 5 
513 3172 3 6 4 7 5 0 8 1 
514 3172 3 6 4 0 5 8 7 1 
515 3180 2 7 4 6 3 8 1 5 
516 3182 6 7 4 0 3 8 1 5 
517 3192 7 3 4 6 5 0 8 1 
518 3202 7 3 8 4 6 1 5 0 
519 3202 7 3 8 0 6 1 4 5 
520 3212 7 3 1 0 6 4 8 5 
521 3210 7 3 2 1 6 4 8 5 
522 3220 2 3 4 8 7 1 5 6 
523 3224 2 3 1 8 7 0 5 6 
524 3234 3 0 8 2 7 1 5 6 
525 3230 4 3 8 2 7 1 5 6 
526 3244 2 3 8 5 7 1 6 0 
527 3244 2 3 8 5 7 0 1 6 
528 3250 4 2 8 7 3 1 5 6 
529 3254 7 2 8 0 3 1 5 6 
530 3260 4 2 8 6 3 1 7 5 
531 3274 2 3 8 6 5 0 1 7 
532 3274 2 3 8 0 5 1 6 7 
533 3284 3 6 8 0 2 1 7 5 
534 3284 3 6 8 2 5 1 7 0 
535 3298 4 3 2 0 6 1 7 5 
536 3298 4 3 1 2 6 0 7 5 
537 3303 6 0 4 7 2 8 1 5 
538 3303 7 6 4 0 2 8 1 5 
539 3314 3 6 8 7 2 1 5 0 
540 3327 4 6 3 0 2 8 1 5 
541 3327 4 6 8 3 2 0 1 5 
542 3334 3 6 7 0 1 8 5 2 
543 3334 3 0 7 1 6 8 5 2 
544 3344 3 6 2 0 5 7 8 1 
545 3340 3 6 4 2 5 7 8 1 
546 3354 3 0 7 5 6 8 2 1 
547 3354 3 6 7 5 1 8 2 0 
548 3360 3 6 4 7 5 8 2 1 
549 3364 3 6 8 7 5 0 2 1 
550 3374 6 0 7 3 5 8 2 1 
551 3370 4 6 7 3 5 8 2 1 
552 3380 7 4 2 6 3 8 1 5 
553 3387 6 4 2 0 3 8 1 5 
554 3397 4 3 2 6 5 0 8 1 
555 3407 3 6 2 0 4 8 1 5 
556 3407 3 6 2 4 5 8 1 0 
557 3417 4 3 1 0 6 2 8 5 
558 3410 4 3 7 1 6 2 8 5 
559 3427 4 3 8 0 2 1 5 6 
560 3427 4 0 8 2 3 1 5 6 
561 3437 4 0 8 6 3 1 2 5 
562 3437 4 3 8 6 5 1 2 0 
563 3440 4 3 7 8 6 1 2 5 
564 3447 4 3 1 8 6 0 2 5 
565 3457 3 0 8 4 6 1 2 5 
566 3450 7 3 8 4 6 1 2 5 
567 3460 3 1 2 4 7 8 5 6 
568 3462 3 1 8 4 7 0 5 6 
569 3472 1 0 4 3 7 8 5 6 
570 3470 2 1 4 3 7 8 5 6 
571 3482 3 1 4 5 7 8 6 0 
572 3482 3 1 4 5 7 0 8 6 
573 3492 3 1 4 7 6 0 8 5 
574 3492 3 1 4 0 6 8 7 5 
575 3500 2 7 4 1 3 8 5 6 
576 3502 1 7 4 0 3 8 5 6 
577 3512 7 3 8 4 1 5 6 0 
578 3512 7 3 8 0 1 5 4 6 
579 3522 7 0 4 5 3 8 6 1 
580 3532 7 3 5 0 1 4 8 6 
581 3530 7 3 2 5 1 4 8 6 
582 3540 2 3 4 8 7 5 6 1 
583 3544 2 3 5 8 7 0 6 1 
584 3554 3 0 8 2 7 5 6 1 
585 3550 4 3 8 2 7 5 6 1 
586 3564 2 3 8 6 7 5 1 0 
587 3564 2 3 8 6 7 0 5 1 
588 3570 4 2 8 7 3 5 6 1 
589 3574 7 2 8 0 3 5 6 1 
590 3580 4 2 8 1 3 5 7 6 
591 3594 2 3 8 1 6 0 5 7 
592 3594 2 3 8 0 6 5 1 7 
593 3602 3 0 4 8 1 5 7 6 
594 3602 8 3 4 0 1 5 7 6 
595 3614 3 1 8 0 2 5 7 6 
596 3614 3 1 8 2 6 5 7 0 
597 3628 4 3 2 0 1 5 7 6 
598 3628 4 3 5 2 1 0 7 6 
599 3633 1 0 4 7 2 8 5 6 
600 3633 7 1 4 0 2 8 5 6 
601 3644 3 1 8 7 2 5 6 0 
602 3657 4 1 3 0 2 8 5 6 
603 3657 4 1 8 3 2 0 5 6 
604 3664 3 1 7 0 5 8 6 2 
605 3664 3 0 7 5 1 8 6 2 
606 3674 3 1 5 0 2 7 8 6 
607 3670 3 1 4 5 2 7 8 6 
608 3684 3 1 2 0 6 7 8 5 
609 3680 3 1 4 2 6 7 8 5 
610 3694 3 0 7 6 1 8 2 5 
611 3694 3 1 7 6 5 8 2 0 
612 3700 3 1 4 7 6 8 2 5 
613 3704 3 1 8 7 6 0 2 5 
614 3714 1 0 7 3 6 8 2 5 
615 3710 4 1 7 3 6 8 2 5 
616 3720 7 4 2 1 3 8 5 6 
617 3727 1 4 2 0 3 8 5 6 
618 3737 3 1 2 0 4 8 5 6 
619 3737 3 1 2 4 6 8 5 0 
620 3747 4 0 2 5 3 8 6 1 
621 3757 4 3 5 0 1 2 8 6 
622 3750 4 3 7 5 1 2 8 6 
623 3767 4 3 8 0 2 5 6 1 
624 3767 4 0 8 2 3 5 6 1 
625 3777 4 0 8 1 3 5 2 6 
626 3777 4 3 8 1 6 5 2 0 
627 3780 4 3 7 8 1 5 2 6 
628 3787 4 3 5 8 1 0 2 6 
629 3797 3 0 8 4 1 5 2 6 
630 3790 7 3 8 4 1 5 2 6 
631 3807 4 2 5 0 3 8 6 1 
632 3807 4 2 8 5 3 0 6 1 
633 3814 5 0 7 3 2 8 6 1 
634 3814 5 2 7 3 1 8 6 0 
635 3820 5 2 4 7 3 8 6 1 
636 3824 5 2 8 7 3 0 6 1 
637 3834 5 2 7 6 3 8 1 0 
638 3834 5 2 7 6 3 0 8 1 
639 3840 4 2 5 1 3 7 8 6 
640 3854 2 3 5 1 6 0 7 8 
641 3854 2 3 5 0 6 7 1 8 
642 3864 3 1 5 2 6 7 8 0 
643 3875 4 3 2 0 1 7 8 6 
644 3875 4 3 7 2 1 0 8 6 
645 3884 2 3 5 0 8 7 6 1 
646 3884 2 0 5 8 3 7 6 1 
647 3892 3 1 4 0 5 7 8 6 
648 3892 3 1 4 5 6 7 8 0 
649 3902 5 0 4 1 3 7 8 6 
650 3902 5 3 4 1 6 7 8 0 
651 3910 5 3 2 4 1 7 8 6 
652 3912 5 3 7 4 1 0 8 6 
653 3922 5 3 4 8 1 7 6 0 
654 3922 5 3 4 8 1 0 7 6 
655 3930 7 4 1 3 2 8 5 6 
656 3937 3 4 1 0 2 8 5 6 
657 3947 4 2 1 3 6 0 8 5 
658 3947 4 2 1 0 6 8 3 5 
659 3957 2 3 1 0 4 8 5 6 
660 3957 2 3 1 4 6 8 5 0 
661 3961 7 2 8 4 3 0 5 6 
662 3977 4 2 1 0 5 8 6 3 
663 3977 4 0 1 5 2 8 6 3 
664 3987 4 2 5 0 3 1 8 6 
665 3980 4 2 7 5 3 1 8 6 
666 3997 4 2 8 0 1 5 6 3 
667 3997 4 0 8 1 2 5 6 3 
668 4007 4 0 8 3 2 5 1 6 
669 4007 4 2 8 3 6 5 1 0 
670 4010 4 2 7 8 3 5 1 6 
671 4017 4 2 5 8 3 0 1 6 
672 4027 2 0 8 4 3 5 1 6 
673 4020 7 2 8 4 3 5 1 6 
674 4034 1 2 3 0 6 7 8 5 
675 4030 1 2 4 3 6 7 8 5 
676 4044 1 0 7 6 2 8 3 5 
677 4044 1 2 7 6 5 8 3 0 
678 4050 1 2 4 7 6 8 3 5 
679 4054 1 2 8 7 6 0 3 5 
680 4064 2 0 7 1 6 8 3 5 
681 4060 4 2 7 1 6 8 3 5 
682 4071 2 3 4 0 7 8 5 6 
683 4071 2 3 4 7 6 8 5 0 
684 4081 7 0 4 3 2 8 5 6 
685 4081 7 2 4 3 6 8 5 0 
686 4091 7 2 4 5 3 8 6 0 
687 4091 7 2 4 5 3 0 8 6 
688 4104 1 2 8 0 7 5 6 3 
689 4104 1 0 8 7 2 5 6 3 
690 4114 1 0 8 3 2 5 7 6 
691 4114 1 2 8 3 6 5 7 0 
692 4120 1 2 4 8 3 5 7 6 
693 4124 1 2 5 8 3 0 7 6 
694 4130 1 2 4 7 5 8 6 3 
695 4134 1 2 8 7 5 0 6 3 
696 4144 2 0 7 1 5 8 6 3 
697 4140 4 2 7 1 5 8 6 3 
698 4154 1 2 7 6 5 0 8 3 
699 4160 4 1 7 5 2 8 6 3 
700 4164 5 1 7 0 2 8 6 3 
701 4174 1 0 5 3 2 7 8 6 
702 4174 1 2 5 3 6 7 8 0 
703 4184 1 2 5 8 3 7 6 0 
704 4191 2 0 4 5 3 7 8 6 
705 4191 5 2 4 0 3 7 8 6 
706 4201 4 2 6 3 0 7 8 5 
707 4201 0 2 6 4 3 7 8 5 
708 4201 4 2 6 8 3 7 0 5 
709 4211 4 2 7 6 3 8 0 5 
710 4234 6 2 1 3 5 7 0 8 
711 4246 0 2 4 1 3 7 8 5 
712 4254 6 2 1 8 0 7 5 3 
713 4264 6 2 0 8 3 1 7 5 
714 4274 2 3 6 5 0 1 7 8 
715 4274 0 3 6 2 5 1 7 8 
716 4274 2 3 6 7 5 1 0 8 
717 4282 0 3 4 6 5 1 7 8 
718 4294 0 2 1 5 3 7 6 8 
719 4312 0 3 4 1 5 7 6 8 
720 4324 2 3 7 1 5 6 0 8 
721 4334 3 5 1 2 0 7 6 8 
722 4341 4 3 0 2 5 7 6 8 
723 4353 0 6 4 1 2 7 8 5 
724 4361 4 6 0 3 2 7 8 5 
725 4374 3 6 1 8 0 7 5 2 
726 4384 3 6 0 8 2 1 7 5 
727 4394 3 6 0 2 5 1 7 8 
728 4404 3 6 1 5 0 7 2 8 
729 4404 3 6 0 1 5 7 2 8 
730 4404 0 6 1 3 5 7 2 8 
731 4411 0 4 2 6 3 7 8 5 
732 4421 4 3 2 6 5 7 0 8 
733 4431 3 6 2 4 0 7 8 5 
734 4441 4 3 2 8 0 7 5 6 
735 4451 4 3 0 8 6 2 7 5 
736 4461 4 3 7 2 0 8 5 6 
737 4471 4 3 7 6 0 8 2 5 
738 4471 4 3 0 7 6 8 2 5 
739 4471 0 3 7 4 6 8 2 5 
740 4482 0 3 4 1 8 7 5 6 
741 4494 2 3 7 1 8 5 0 6 
742 4504 3 8 1 2 0 7 5 6 
743 4511 4 3 0 2 8 7 5 6 
744 4524 2 3 0 5 8 1 7 6 
745 4531 4 2 0 8 3 7 5 6 
746 4544 8 2 1 3 0 7 5 6 
747 4544 8 2 0 1 3 7 5 6 
748 4544 8 2 1 5 3 7 0 6 
749 4552 3 6 4 8 0 1 7 5 
750 4562 8 3 4 6 0 1 7 5 
751 4562 8 3 0 4 6 1 7 5 
752 4562 8 3 4 7 6 1 0 5 
753 4573 0 6 2 4 1 7 8 5 
754 4582 3 6 7 4 1 8 0 5 
755 4592 6 1 4 3 0 7 8 5 
756 4604 2 6 0 3 1 7 8 5 
757 4612 3 6 4 8 0 7 5 1 
758 4622 3 6 0 8 1 4 7 5 
759 4632 3 6 0 1 5 4 7 8 
760 4642 3 6 4 5 0 7 1 8 
761 4642 3 6 0 4 5 7 1 8 
762 4642 0 6 4 3 5 7 1 8 
763 4654 2 1 0 6 3 7 8 5 
764 4662 6 1 0 4 3 7 8 5 
765 4662 6 1 4 8 3 7 0 5 
766 4672 1 3 0 6 5 4 7 8 
767 4682 1 3 4 5 0 7 6 8 
768 4682 1 3 0 4 5 7 6 8 
769 4692 1 3 7 4 0 8 5 6 
770 4702 1 3 7 6 0 8 4 5 
771 4702 1 3 0 7 6 8 4 5 
772 4702 0 3 7 1 6 8 4 5 
773 4712 1 3 0 4 8 7 5 6 
774 4712 1 3 4 5 8 7 0 6 
775 4722 0 1 4 8 3 7 5 6 
776 4732 1 3 8 6 0 4 7 5 
777 4732 0 3 8 1 6 4 7 5 
778 4732 1 3 8 7 6 4 0 5 
779 4741 0 3 2 8 6 4 7 5 
780 4757 0 4 6 3 2 8 1 5 
781 4767 4 2 6 3 5 8 0 1 
782 4777 2 3 6 4 0 8 1 5 
783 4786 7 2 0 4 3 8 1 5 
784 4797 4 2 6 1 0 8 5 3 
785 4807 4 2 0 1 3 6 8 5 
786 4817 4 2 8 6 0 1 5 3 
787 4827 4 2 8 3 0 1 6 5 
788 4827 4 2 0 8 3 1 6 5 
789 4827 0 2 8 4 3 1 6 5 
790 4834 6 2 0 3 5 7 8 1 
791 4844 6 2 7 5 0 8 3 1 
792 4844 6 2 0 7 5 8 3 1 
793 4844 0 2 7 6 5 8 3 1 
794 4856 2 3 4 7 0 8 1 5 
795 4866 7 2 4 3 0 8 1 5 
796 4866 7 2 4 1 3 8 0 5 
797 4874 6 2 8 7 0 1 5 3 
798 4884 6 2 8 3 0 1 7 5 
799 4894 6 2 0 7 1 8 5 3 
800 4894 0 2 7 6 1 8 5 3 
801 4894 6 2 7 5 1 8 0 3 
802 4904 0 6 7 1 2 8 5 3 
803 4914 0 2 6 5 3 7 8 1 
804 4924 2 3 6 5 1 7 0 8 
805 4934 3 5 6 2 0 7 8 1 
806 4946 4 3 0 2 5 7 8 1 
807 4954 2 3 6 8 0 7 1 5 
808 4964 2 3 0 8 5 6 7 1 
809 4972 3 5 4 6 0 7 8 1 
810 4982 6 3 4 5 0 7 8 1 
811 4982 6 3 0 4 5 7 8 1 
812 4982 6 3 4 8 5 7 0 1 
813 4992 3 5 4 7 0 8 6 1 
814 5002 7 3 0 4 5 8 6 1 
815 5014 2 3 8 7 0 6 1 5 
816 5024 2 3 8 5 0 6 7 1 
817 5024 0 3 8 2 5 6 7 1 
818 5034 3 5 0 7 2 8 6 1 
819 5034 0 5 7 3 2 8 6 1 
820 5034 3 5 7 6 2 8 0 1 
821 5044 3 5 7 2 1 8 0 6 
822 5057 0 3 2 4 5 8 6 1 
823 5067 4 3 8 2 5 6 0 1 
824 5073 0 6 2 4 7 8 1 5 
825 5082 3 6 8 4 7 1 0 5 
826 5092 6 7 4 3 0 8 1 5 
827 5104 2 6 0 3 7 8 1 5 
828 5112 3 6 4 1 0 8 5 7 
829 5122 3 6 0 1 7 4 8 5 
830 5132 3 6 0 7 5 4 8 1 
831 5142 3 6 4 5 0 8 7 1 
832 5142 3 6 0 4 5 8 7 1 
833 5142 0 6 4 3 5 8 7 1 
834 5154 2 7 0 6 3 8 1 5 
835 5162 6 7 0 4 3 8 1 5 
836 5162 6 7 4 1 3 8 0 5 
837 5172 7 3 0 6 5 4 8 1 
838 5182 7 3 8 4 0 1 5 6 
839 5192 7 3 8 6 0 1 4 5 
840 5192 7 3 0 8 6 1 4 5 
841 5192 0 3 8 7 6 1 4 5 
842 5202 7 3 1 6 0 4 8 5 
843 5202 0 3 1 7 6 4 8 5 
844 5202 7 3 1 8 6 4 0 5 
845 5217 0 3 2 1 6 4 8 5 
846 5222 0 3 4 8 7 1 5 6 
847 5234 2 3 1 8 7 5 0 6 
848 5244 3 7 8 2 0 1 5 6 
849 5258 4 3 0 2 7 1 5 6 
850 5264 2 3 8 5 0 1 6 7 
851 5274 2 3 0 5 7 8 1 6 
852 5288 4 2 0 7 3 1 5 6 
853 5294 7 2 8 3 0 1 5 6 
854 5294 7 2 0 8 3 1 5 6 
855 5294 7 2 8 5 3 1 0 6 
856 5308 4 2 0 6 3 1 7 5 
857 5314 2 3 0 6 5 8 1 7 
858 5324 2 3 0 8 5 1 6 7 
859 5324 0 3 8 2 5 1 6 7 
860 5334 0 6 8 3 2 1 7 5 
861 5344 3 6 8 2 5 1 0 7 
862 5358 4 3 2 6 0 1 7 5 
863 5358 0 3 2 4 6 1 7 5 
864 5358 4 3 2 7 6 1 0 5 
865 5368 4 3 1 2 6 7 0 5 
866 5373 6 2 4 7 0 8 1 5 
867 5383 7 6 4 2 0 8 1 5 
868 5383 7 6 0 4 2 8 1 5 
869 5383 7 6 4 1 2 8 0 5 
870 5394 3 6 8 7 0 1 5 2 
871 5407 4 6 3 2 0 8 1 5 
872 5407 0 6 3 4 2 8 1 5 
873 5407 4 6 3 1 2 8 0 5 
874 5417 4 6 8 3 2 1 0 5 
875 5424 3 6 0 7 1 8 5 2 
876 5424 0 6 7 3 1 8 5 2 
877 5424 3 6 7 5 1 8 0 2 
878 5434 0 3 7 1 6 8 5 2 
879 5444 3 6 2 5 0 7 8 1 
880 5444 0 6 2 3 5 7 8 1 
881 5444 3 6 2 8 5 7 0 1 
882 5453 0 6 4 2 5 7 8 1 
883 5464 0 3 7 5 6 8 2 1 
884 5483 0 6 4 7 5 8 2 1 
885 5494 3 6 8 7 5 2 0 1 
886 5504 6 5 7 3 0 8 2 1 
887 5517 4 6 0 3 5 8 2 1 
888 5522 7 4 0 6 3 8 1 5 
889 5537 6 4 2 3 0 8 1 5 
890 5537 6 4 0 2 3 8 1 5 
891 5537 6 4 2 1 3 8 0 5 
892 5547 4 3 0 6 5 2 8 1 
893 5557 3 6 0 2 4 8 1 5 
894 5557 0 6 2 3 4 8 1 5 
895 5557 3 6 2 1 4 8 0 5 
896 5567 3 6 2 4 5 8 0 1 
897 5577 4 3 1 6 0 2 8 5 
898 5577 0 3 1 4 6 2 8 5 
899 5577 4 3 1 8 6 2 0 5 
900 5584 0 3 7 1 6 2 8 5 
901 5597 4 3 0 8 2 1 5 6 
902 5597 0 3 8 4 2 1 5 6 
903 5597 4 3 8 5 2 1 0 6 
904 5607 0 4 8 2 3 1 5 6 
905 5617 0 4 8 6 3 1 2 5 
906 5627 4 3 8 6 5 1 0 2 
907 5634 0 3 7 8 6 1 2 5 
908 5657 3 6 8 4 0 1 2 5 
909 5668 7 3 0 4 6 1 2 5 
910 5673 0 1 2 4 7 8 5 6 
911 5682 3 1 8 4 7 5 0 6 
912 5692 1 7 4 3 0 8 5 6 
913 5704 2 1 0 3 7 8 5 6 
914 5712 3 1 4 5 0 8 6 7 
915 5722 3 1 0 5 7 4 8 6 
916 5732 3 1 0 7 6 4 8 5 
917 5742 3 1 4 6 0 8 7 5 
918 5742 3 1 0 4 6 8 7 5 
919 5742 0 1 4 3 6 8 7 5 
920 5754 2 7 0 1 3 8 5 6 
921 5762 1 7 0 4 3 8 5 6 
922 5762 1 7 4 5 3 8 0 6 
923 5772 7 3 8 4 0 5 6 1 
924 5782 7 3 8 1 0 5 4 6 
925 5782 7 3 0 8 1 5 4 6 
926 5782 0 3 8 7 1 5 4 6 
927 5792 0 7 4 5 3 8 6 1 
928 5802 7 3 5 1 0 4 8 6 
929 5802 0 3 5 7 1 4 8 6 
930 5802 7 3 5 8 1 4 0 6 
931 5817 0 3 2 5 1 4 8 6 
932 5822 0 3 4 8 7 5 6 1 
933 5834 2 3 5 8 7 6 0 1 
934 5844 3 7 8 2 0 5 6 1 
935 5858 4 3 0 2 7 5 6 1 
936 5864 2 3 8 6 0 5 1 7 
937 5874 2 3 0 6 7 8 5 1 
938 5888 4 2 0 7 3 5 6 1 
939 5894 7 2 8 3 0 5 6 1 
940 5894 7 2 0 8 3 5 6 1 
941 5894 7 2 8 6 3 5 0 1 
942 5908 4 2 0 1 3 5 7 6 
943 5914 2 3 0 1 6 8 5 7 
944 5924 2 3 0 8 6 5 1 7 
945 5924 0 3 8 2 6 5 1 7 
946 5932 3 1 4 8 0 5 7 6 
947 5942 8 3 4 1 0 5 7 6 
948 5942 8 3 0 4 1 5 7 6 
949 5942 8 3 4 7 1 5 0 6 
950 5954 3 1 0 8 2 5 7 6 
951 5954 0 1 8 3 2 5 7 6 
952 5964 3 1 8 2 6 5 0 7 
953 5978 4 3 2 1 0 5 7 6 
954 5978 0 3 2 4 1 5 7 6 
955 5978 4 3 2 7 1 5 0 6 
956 5988 4 3 5 2 1 7 0 6 
957 5993 1 2 4 7 0 8 5 6 
958 6003 7 1 4 2 0 8 5 6 
959 6003 7 1 0 4 2 8 5 6 
960 6003 7 1 4 5 2 8 0 6 
961 6014 3 1 8 7 0 5 6 2 
962 6027 4 1 3 2 0 8 5 6 
963 6027 0 1 3 4 2 8 5 6 
964 6027 4 1 3 5 2 8 0 6 
965 6037 4 1 8 3 2 5 0 6 
966 6044 3 1 0 7 5 8 6 2 
967 6044 0 1 7 3 5 8 6 2 
968 6044 3 1 7 6 5 8 0 2 
969 6054 0 3 7 5 1 8 6 2 
970 6064 0 1 5 3 2 7 8 6 
971 6064 3 1 5 8 2 7 0 6 
972 6073 0 1 4 5 2 7 8 6 
973 6084 3 1 2 6 0 7 8 5 
974 6084 0 1 2 3 6 7 8 5 
975 6084 3 1 2 8 6 7 0 5 
976 6093 0 1 4 2 6 7 8 5 
977 6104 0 3 7 6 1 8 2 5 
978 6123 0 1 4 7 6 8 2 5 
979 6134 3 1 8 7 6 2 0 5 
980 6144 1 6 7 3 0 8 2 5 
981 6157 4 1 0 3 6 8 2 5 
982 6162 7 4 0 1 3 8 5 6 
983 6177 1 4 2 3 0 8 5 6 
984 6177 1 4 0 2 3 8 5 6 
985 6177 1 4 2 5 3 8 0 6 
986 6187 3 1 0 2 4 8 5 6 
987 6187 0 1 2 3 4 8 5 6 
988 6187 3 1 2 5 4 8 0 6 
989 6197 3 1 2 4 6 8 0 5 
990 6207 0 4 2 5 3 8 6 1 
991 6217 4 3 5 1 0 2 8 6 
992 6217 0 3 5 4 1 2 8 6 
993 6217 4 3 5 8 1 2 0 6 
994 6224 0 3 7 5 1 2 8 6 
995 6237 4 3 0 8 2 5 6 1 
996 6237 0 3 8 4 2 5 6 1 
997 6237 4 3 8 6 2 5 0 1 
998 6247 0 4 8 2 3 5 6 1 
999 6257 0 4 8 1 3 5 2 6 
1000 6267 4 3 8 1 6 5 0 2 
1001 6274 0 3 7 8 1 5 2 6 
1002 6297 3 1 8 4 0 5 2 6 
1003 6308 7 3 0 4 1 5 2 6 
1004 6317 4 2 5 3 0 8 6 1 
1005 6317 0 2 5 4 3 8 6 1 
1006 6317 4 2 5 6 3 8 0 1 
1007 6327 4 2 8 5 3 6 0 1 
1008 6344 5 2 7 3 1 8 0 6 
1009 6355 0 2 4 7 3 8 6 1 
1010 6364 5 2 8 7 3 6 0 1 
1011 6374 5 2 7 6 0 8 1 3 
1012 6384 5 2 0 6 3 7 8 1 
1013 6395 4 2 0 1 3 7 8 6 
1014 6404 2 3 0 1 6 5 7 8 
1015 6414 2 3 5 6 0 7 1 8 
1016 6414 2 3 0 5 6 7 1 8 
1017 6414 0 3 5 2 6 7 1 8 
1018 6424 3 1 5 2 6 7 0 8 
1019 6435 4 3 2 1 0 7 8 6 
1020 6435 0 3 2 4 1 7 8 6 
1021 6435 4 3 2 8 1 7 0 6 
1022 6445 4 3 7 2 1 8 0 6 
1023 6454 2 3 0 5 8 7 6 1 
1024 6454 0 3 5 2 8 7 6 1 
1025 6454 2 3 5 6 8 7 0 1 
1026 6464 0 2 5 8 3 7 6 1 
1027 6472 3 1 0 4 5 7 8 6 
1028 6472 0 1 4 3 5 7 8 6 
1029 6472 3 1 4 8 5 7 0 6 
1030 6482 3 1 4 5 6 7 0 8 
1031 6492 0 5 4 1 3 7 8 6 
1032 6502 5 3 4 1 6 7 0 8 
1033 6522 5 3 7 4 1 8 0 6 
1034 6532 5 3 4 8 0 7 6 1 
1035 6542 5 3 0 8 1 4 7 6 
1036 6551 7 4 0 3 2 8 5 6 
1037 6567 3 4 1 2 0 8 5 6 
1038 6567 3 4 0 1 2 8 5 6 
1039 6567 3 4 1 5 2 8 0 6 
1040 6577 4 2 0 3 6 1 8 5 
1041 6587 4 2 1 6 0 8 3 5 
1042 6587 4 2 0 1 6 8 3 5 
1043 6587 0 2 1 4 6 8 3 5 
1044 6597 2 3 0 1 4 8 5 6 
1045 6597 0 3 1 2 4 8 5 6 
1046 6597 2 3 1 5 4 8 0 6 
1047 6607 2 3 1 4 6 8 0 5 
1048 6611 7 2 8 4 3 5 0 6 
1049 6627 4 2 0 1 5 8 6 3 
1050 6627 0 2 1 4 5 8 6 3 
1051 6627 4 2 1 6 5 8 0 3 
1052 6637 0 4 1 5 2 8 6 3 
1053 6647 4 2 5 3 0 1 8 6 
1054 6647 0 2 5 4 3 1 8 6 
1055 6647 4 2 5 8 3 1 0 6 
1056 6654 0 2 7 5 3 1 8 6 
1057 6667 4 2 0 8 1 5 6 3 
1058 6667 0 2 8 4 1 5 6 3 
1059 6667 4 2 8 6 1 5 0 3 
1060 6677 0 4 8 1 2 5 6 3 
1061 6687 0 4 8 3 2 5 1 6 
1062 6697 4 2 8 3 6 5 0 1 
1063 6704 0 2 7 8 3 5 1 6 
1064 6727 2 3 8 4 0 5 1 6 
1065 6738 7 2 0 4 3 5 1 6 
1066 6744 1 2 3 6 0 7 8 5 
1067 6744 0 2 3 1 6 7 8 5 
1068 6744 1 2 3 8 6 7 0 5 
1069 6751 0 2 4 3 6 7 8 5 
1070 6764 0 1 7 6 2 8 3 5 
1071 6781 0 2 4 7 6 8 3 5 
1072 6794 1 2 8 7 6 3 0 5 
1073 6804 2 6 7 1 0 8 3 5 
1074 6821 2 3 0 4 7 8 5 6 
1075 6821 0 3 4 2 7 8 5 6 
1076 6821 2 3 4 5 7 8 0 6 
1077 6831 2 3 4 7 6 8 0 5 
1078 6841 0 7 4 3 2 8 5 6 
1079 6851 7 2 4 3 6 8 0 5 
1080 6861 7 2 4 5 0 8 6 3 
1081 6871 7 2 0 5 3 4 8 6 
1082 6884 1 2 0 8 7 5 6 3 
1083 6884 0 2 8 1 7 5 6 3 
1084 6884 1 2 8 6 7 5 0 3 
1085 6894 0 1 8 7 2 5 6 3 
1086 6914 1 2 8 3 6 5 0 7 
1087 6921 0 2 4 8 3 5 7 6 
1088 6941 0 2 4 7 5 8 6 3 
1089 6954 1 2 8 7 5 6 0 3 
1090 6964 2 5 7 1 0 8 6 3 
1091 6984 1 2 0 6 5 7 8 3 
1092 6997 4 1 0 5 2 8 6 3 
1093 7004 5 1 7 2 0 8 6 3 
1094 7004 5 1 0 7 2 8 6 3 
1095 7004 5 1 7 6 2 8 0 3 
1096 7024 1 2 5 3 6 7 0 8 
1097 7034 1 2 5 8 0 7 6 3 
1098 7041 2 3 4 5 0 7 8 6 
1099 7051 5 2 4 3 0 7 8 6 
1100 7051 5 2 0 4 3 7 8 6 
1101 7051 5 2 4 8 3 7 0 6 
1102 7061 4 0 6 3 2 7 8 5 
1103 7061 4 2 6 3 5 7 8 0 
1104 7071 2 0 6 4 3 7 8 5 
1105 7070 1 2 6 4 3 7 8 5 
1106 7081 4 2 6 8 3 7 5 0 
1107 7081 4 2 6 8 3 0 7 5 
1108 7091 4 2 7 6 3 8 5 0 
1109 7091 4 2 7 0 3 8 6 5 
1110 7104 6 2 1 3 5 0 7 8 
1111 7104 6 2 1 0 5 7 3 8 
1112 7116 2 0 4 1 3 7 8 5 
1113 7116 1 2 4 0 3 7 8 5 
1114 7124 6 2 1 0 8 7 5 3 
1115 7124 6 0 1 8 2 7 5 3 
1116 7130 6 2 4 8 3 1 7 5 
1117 7144 2 0 6 5 3 1 7 8 
1118 7144 2 3 6 5 8 1 7 0 
1119 7154 3 0 6 2 5 1 7 8 
1120 7150 4 3 6 2 5 1 7 8 
1121 7164 2 3 6 7 5 1 8 0 
1122 7164 2 3 6 7 5 0 1 8 
1123 7172 3 0 4 6 5 1 7 8 
1124 7172 6 3 4 0 5 1 7 8 
1125 7180 4 2 1 5 3 7 6 8 
1126 7184 5 2 1 0 3 7 6 8 
1127 7192 3 0 4 1 5 7 6 8 
1128 7204 2 3 7 1 5 6 8 0 
1129 7204 2 3 7 0 5 6 1 8 
1130 7214 3 5 1 0 2 7 6 8 
1131 7214 3 5 1 2 8 7 6 0 
1132 7221 4 3 2 0 5 7 6 8 
1133 7221 4 3 7 2 5 0 6 8 
1134 7233 6 0 4 1 2 7 8 5 
1135 7233 1 6 4 0 2 7 8 5 
1136 7241 4 6 3 0 2 7 8 5 
1137 7241 4 6 7 3 2 0 8 5 
1138 7254 3 6 1 0 8 7 5 2 
1139 7254 3 0 1 8 6 7 5 2 
1140 7260 3 6 4 8 2 1 7 5 
1141 7274 3 6 2 0 5 1 7 8 
1142 7270 3 6 4 2 5 1 7 8 
1143 7284 3 0 1 5 6 7 2 8 
1144 7284 3 6 1 5 8 7 2 0 
1145 7290 3 6 4 1 5 7 2 8 
1146 7294 3 6 7 1 5 0 2 8 
1147 7304 6 0 1 3 5 7 2 8 
1148 7300 4 6 1 3 5 7 2 8 
1149 7310 1 4 2 6 3 7 8 5 
1150 7311 6 4 2 0 3 7 8 5 
1151 7321 4 3 2 6 5 0 7 8 
1152 7331 3 6 2 0 4 7 8 5 
1153 7331 3 6 2 4 5 7 8 0 
1154 7341 4 3 2 0 8 7 5 6 
1155 7341 4 0 2 8 3 7 5 6 
1156 7351 4 3 8 0 6 2 7 5 
1157 7350 4 3 1 8 6 2 7 5 
1158 7361 4 3 7 0 2 8 5 6 
1159 7361 4 0 7 2 3 8 5 6 
1160 7371 4 0 7 6 3 8 2 5 
1161 7371 4 3 7 6 5 8 2 0 
1162 7380 4 3 1 7 6 8 2 5 
1163 7381 4 3 8 7 6 0 2 5 
1164 7391 3 0 7 4 6 8 2 5 
1165 7390 1 3 7 4 6 8 2 5 
1166 7402 3 0 4 1 8 7 5 6 
1167 7414 2 3 7 1 8 5 6 0 
1168 7414 2 3 7 0 8 5 1 6 
1169 7424 3 8 1 0 2 7 5 6 
1170 7424 3 8 1 2 6 7 5 0 
1171 7431 4 3 7 2 8 0 5 6 
1172 7444 2 3 5 0 8 1 7 6 
1173 7440 2 3 4 5 8 1 7 6 
1174 7451 4 2 8 0 3 7 5 6 
1175 7451 4 2 7 8 3 0 5 6 
1176 7464 8 0 1 3 2 7 5 6 
1177 7464 8 2 1 3 6 7 5 0 
1178 7470 8 2 4 1 3 7 5 6 
1179 7474 8 2 7 1 3 0 5 6 
1180 7484 8 2 1 5 3 7 6 0 
1181 7484 8 2 1 5 3 0 7 6 
1182 7492 3 6 4 0 8 1 7 5 
1183 7492 3 6 4 8 5 1 7 0 
1184 7502 8 0 4 6 3 1 7 5 
1185 7502 8 3 4 6 5 1 7 0 
1186 7510 8 3 2 4 6 1 7 5 
1187 7512 8 3 1 4 6 0 7 5 
1188 7522 8 3 4 7 6 1 5 0 
1189 7522 8 3 4 7 6 0 1 5 
1190 7533 6 0 2 4 1 7 8 5 
1191 7533 4 6 2 0 1 7 8 5 
1192 7542 3 6 7 4 1 8 5 0 
1193 7542 3 6 7 0 1 8 4 5 
1194 7552 6 1 4 3 5 7 8 0 
1195 7564 2 6 3 0 1 7 8 5 
1196 7564 2 6 7 3 1 0 8 5 
1197 7572 3 6 4 0 8 7 5 1 
1198 7572 3 0 4 8 6 7 5 1 
1199 7582 3 6 8 0 1 4 7 5 
1200 7580 3 6 2 8 1 4 7 5 
1201 7592 3 6 1 0 5 4 7 8 
1202 7590 3 6 2 1 5 4 7 8 
1203 7602 3 0 4 5 6 7 1 8 
1204 7602 3 6 4 5 8 7 1 0 
1205 7610 3 6 2 4 5 7 1 8 
1206 7612 3 6 7 4 5 0 1 8 
1207 7622 6 0 4 3 5 7 1 8 
1208 7620 2 6 4 3 5 7 1 8 
1209 7634 2 1 6 0 3 7 8 5 
1210 7634 2 1 7 6 3 0 8 5 
1211 7640 6 1 2 4 3 7 8 5 
1212 7642 6 1 7 4 3 0 8 5 
1213 7652 6 1 4 8 3 7 5 0 
1214 7652 6 1 4 8 3 0 7 5 
1215 7662 1 3 6 0 5 4 7 8 
1216 7660 1 3 2 6 5 4 7 8 
1217 7672 1 0 4 5 3 7 6 8 
1218 7672 1 3 4 5 8 7 6 0 
1219 7680 1 3 2 4 5 7 6 8 
1220 7682 1 3 7 4 5 0 6 8 
1221 7692 1 3 7 0 4 8 5 6 
1222 7692 1 0 7 4 3 8 5 6 
1223 7702 1 0 7 6 3 8 4 5 
1224 7702 1 3 7 6 5 8 4 0 
1225 7710 1 3 2 7 6 8 4 5 
1226 7712 1 3 8 7 6 0 4 5 
1227 7722 3 0 7 1 6 8 4 5 
1228 7720 2 3 7 1 6 8 4 5 
1229 7730 1 3 2 4 8 7 5 6 
1230 7732 1 3 7 4 8 0 5 6 
1231 7742 1 3 4 5 8 0 7 6 
1232 7750 2 1 4 8 3 7 5 6 
1233 7752 8 1 4 0 3 7 5 6 
1234 7762 1 0 8 6 3 4 7 5 
1235 7762 1 3 8 6 5 4 7 0 
1236 7772 3 0 8 1 6 4 7 5 
1237 7770 2 3 8 1 6 4 7 5 
1238 7782 1 3 8 7 6 4 5 0 
1239 7791 3 0 2 8 6 4 7 5 
1240 7791 8 3 2 0 6 4 7 5 
1241 7800 7 4 6 3 2 8 1 5 
1242 7807 3 4 6 0 2 8 1 5 
1243 7817 4 2 6 3 5 0 8 1 
1244 7817 4 2 6 0 5 8 3 1 
1245 7827 2 3 6 0 4 8 1 5 
1246 7827 2 3 6 4 5 8 1 0 
1247 7836 7 2 8 4 3 0 1 5 
1248 7847 4 2 6 0 1 8 5 3 
1249 7847 4 0 6 1 2 8 5 3 
1250 7857 4 2 1 0 3 6 8 5 
1251 7850 4 2 7 1 3 6 8 5 
1252 7867 4 2 8 0 6 1 5 3 
1253 7867 4 0 8 6 2 1 5 3 
1254 7877 4 0 8 3 2 1 6 5 
1255 7877 4 2 8 3 5 1 6 0 
1256 7880 4 2 7 8 3 1 6 5 
1257 7887 4 2 1 8 3 0 6 5 
1258 7897 2 0 8 4 3 1 6 5 
1259 7890 7 2 8 4 3 1 6 5 
1260 7904 6 2 3 0 5 7 8 1 
1261 7900 6 2 4 3 5 7 8 1 
1262 7914 6 0 7 5 2 8 3 1 
1263 7914 6 2 7 5 1 8 3 0 
1264 7920 6 2 4 7 5 8 3 1 
1265 7924 6 2 8 7 5 0 3 1 
1266 7934 2 0 7 6 5 8 3 1 
1267 7930 4 2 7 6 5 8 3 1 
1268 7946 2 3 4 0 7 8 1 5 
1269 7946 2 3 4 7 5 8 1 0 
1270 7956 7 0 4 3 2 8 1 5 
1271 7956 7 2 4 3 5 8 1 0 
1272 7966 7 2 4 1 3 8 5 0 
1273 7966 7 2 4 1 3 0 8 5 
1274 7974 6 2 8 0 7 1 5 3 
1275 7974 6 0 8 7 2 1 5 3 
1276 7984 6 0 8 3 2 1 7 5 
1277 7984 6 2 8 3 5 1 7 0 
1278 7990 6 2 4 7 1 8 5 3 
1279 7994 6 2 8 7 1 0 5 3 
1280 8004 2 0 7 6 1 8 5 3 
1281 8000 4 2 7 6 1 8 5 3 
1282 8014 6 2 7 5 1 0 8 3 
1283 8020 4 6 7 1 2 8 5 3 
1284 8024 1 6 7 0 2 8 5 3 
1285 8030 4 2 6 5 3 7 8 1 
1286 8034 5 2 6 0 3 7 8 1 
1287 8044 2 3 6 5 1 0 7 8 
1288 8044 2 3 6 0 1 7 5 8 
1289 8054 3 5 6 0 2 7 8 1 
1290 8054 3 5 6 2 1 7 8 0 
1291 8066 4 3 2 0 5 7 8 1 
1292 8066 4 3 7 2 5 0 8 1 
1293 8074 2 3 6 0 8 7 1 5 
1294 8074 2 0 6 8 3 7 1 5 
1295 8080 2 3 4 8 5 6 7 1 
1296 8092 3 5 4 0 6 7 8 1 
1297 8092 3 5 4 6 1 7 8 0 
1298 8102 6 0 4 5 3 7 8 1 
1299 8102 6 3 4 5 1 7 8 0 
1300 8110 6 3 2 4 5 7 8 1 
1301 8112 6 3 7 4 5 0 8 1 
1302 8122 6 3 4 8 5 7 1 0 
1303 8122 6 3 4 8 5 0 7 1 
1304 8132 3 5 4 0 7 8 6 1 
1305 8132 3 5 4 7 1 8 6 0 
1306 8140 7 3 2 4 5 8 6 1 
1307 8142 7 3 8 4 5 0 6 1 
1308 8154 2 3 8 0 7 6 1 5 
1309 8154 2 0 8 7 3 6 1 5 
1310 8164 2 0 8 5 3 6 7 1 
1311 8164 2 3 8 5 1 6 7 0 
1312 8174 3 0 8 2 5 6 7 1 
1313 8170 4 3 8 2 5 6 7 1 
1314 8180 3 5 4 7 2 8 6 1 
1315 8184 3 5 8 7 2 0 6 1 
1316 8190 4 5 7 3 2 8 6 1 
1317 8204 3 5 7 6 2 8 1 0 
1318 8204 3 5 7 6 2 0 8 1 
1319 8214 3 5 7 2 1 0 8 6 
1320 8214 3 5 7 0 1 8 2 6 
1321 8227 3 0 2 4 5 8 6 1 
1322 8237 4 3 8 2 5 6 1 0 
1323 8237 4 3 8 0 5 6 2 1 
1324 8243 6 0 2 4 7 8 1 5 
1325 8243 4 6 2 0 7 8 1 5 
1326 8252 3 6 8 4 7 1 5 0 
1327 8252 3 6 8 0 7 1 4 5 
1328 8262 6 7 4 3 5 8 1 0 
1329 8274 2 6 3 0 7 8 1 5 
1330 8274 2 6 8 3 7 0 1 5 
1331 8282 3 6 4 0 1 8 5 7 
1332 8282 3 0 4 1 6 8 5 7 
1333 8292 3 6 1 0 7 4 8 5 
1334 8290 3 6 2 1 7 4 8 5 
1335 8302 3 6 7 0 5 4 8 1 
1336 8300 3 6 2 7 5 4 8 1 
1337 8312 3 0 4 5 6 8 7 1 
1338 8312 3 6 4 5 1 8 7 0 
1339 8320 3 6 2 4 5 8 7 1 
1340 8322 3 6 8 4 5 0 7 1 
1341 8332 6 0 4 3 5 8 7 1 
1342 8330 2 6 4 3 5 8 7 1 
1343 8344 2 7 6 0 3 8 1 5 
1344 8344 2 7 8 6 3 0 1 5 
1345 8350 6 7 2 4 3 8 1 5 
1346 8352 6 7 8 4 3 0 1 5 
1347 8362 6 7 4 1 3 8 5 0 
1348 8362 6 7 4 1 3 0 8 5 
1349 8372 7 3 6 0 5 4 8 1 
1350 8370 7 3 2 6 5 4 8 1 
1351 8382 7 3 8 0 4 1 5 6 
1352 8382 7 0 8 4 3 1 5 6 
1353 8392 7 0 8 6 3 1 4 5 
1354 8392 7 3 8 6 5 1 4 0 
1355 8400 7 3 2 8 6 1 4 5 
1356 8402 7 3 1 8 6 0 4 5 
1357 8412 3 0 8 7 6 1 4 5 
1358 8410 2 3 8 7 6 1 4 5 
1359 8422 7 0 1 6 3 4 8 5 
1360 8422 7 3 1 6 5 4 8 0 
1361 8432 3 0 1 7 6 4 8 5 
1362 8430 2 3 1 7 6 4 8 5 
1363 8442 7 3 1 8 6 4 5 0 
1364 8457 3 0 2 1 6 4 8 5 
1365 8457 1 3 2 0 6 4 8 5 
1366 8462 3 0 4 8 7 1 5 6 
1367 8462 8 3 4 0 7 1 5 6 
1368 8474 2 3 1 8 7 5 6 0 
1369 8474 2 3 1 0 7 5 8 6 
1370 8484 3 7 8 0 2 1 5 6 
1371 8484 3 7 8 2 6 1 5 0 
1372 8498 4 3 2 0 7 1 5 6 
1373 8498 4 3 1 2 7 0 5 6 
1374 8504 2 0 8 5 3 1 6 7 
1375 8514 2 3 5 0 7 8 1 6 
1376 8510 2 3 4 5 7 8 1 6 
1377 8528 4 2 7 0 3 1 5 6 
1378 8528 4 2 1 7 3 0 5 6 
1379 8534 7 0 8 3 2 1 5 6 
1380 8534 7 2 8 3 6 1 5 0 
1381 8540 7 2 4 8 3 1 5 6 
1382 8544 7 2 1 8 3 0 5 6 
1383 8554 7 2 8 5 3 1 6 0 
1384 8554 7 2 8 5 3 0 1 6 
1385 8568 4 2 6 0 3 1 7 5 
1386 8568 4 2 1 6 3 0 7 5 
1387 8574 2 3 6 0 5 8 1 7 
1388 8570 2 3 4 6 5 8 1 7 
1389 8580 2 3 4 8 5 1 6 7 
1390 8584 2 3 1 8 5 0 6 7 
1391 8594 3 0 8 2 5 1 6 7 
1392 8590 4 3 8 2 5 1 6 7 
1393 8600 4 6 8 3 2 1 7 5 
1394 8614 3 6 8 2 5 0 1 7 
1395 8614 3 6 8 0 5 1 2 7 
1396 8628 4 0 2 6 3 1 7 5 
1397 8628 4 3 2 6 5 1 7 0 
1398 8638 3 0 2 4 6 1 7 5 
1399 8648 4 3 2 7 6 1 5 0 
1400 8648 4 3 2 7 6 0 1 5 
1401 8658 4 3 1 2 6 7 5 0 
1402 8658 4 3 1 0 6 7 2 5 
1403 8663 6 2 4 0 7 8 1 5 
1404 8663 6 2 4 7 5 8 1 0 
1405 8673 7 0 4 2 6 8 1 5 
1406 8673 7 6 4 2 5 8 1 0 
1407 8680 7 6 3 4 2 8 1 5 
1408 8683 7 6 8 4 2 0 1 5 
1409 8693 7 6 4 1 2 8 5 0 
1410 8693 7 6 4 1 2 0 8 5 
1411 8704 3 6 8 0 7 1 5 2 
1412 8704 3 0 8 7 6 1 5 2 
1413 8717 4 0 3 2 6 8 1 5 
1414 8717 4 6 3 2 5 8 1 0 
1415 8727 6 0 3 4 2 8 1 5 
1416 8737 4 6 3 1 2 8 5 0 
1417 8737 4 6 3 1 2 0 8 5 
1418 8747 4 6 8 3 2 1 5 0 
1419 8747 4 6 8 0 2 1 3 5 
1420 8750 3 6 4 7 1 8 5 2 
1421 8754 3 6 8 7 1 0 5 2 
1422 8764 6 0 7 3 1 8 5 2 
1423 8760 4 6 7 3 1 8 5 2 
1424 8774 3 6 7 5 1 0 8 2 
1425 8780 4 3 7 1 6 8 5 2 
1426 8784 1 3 7 0 6 8 5 2 
1427 8794 3 0 2 5 6 7 8 1 
1428 8794 3 6 2 5 1 7 8 0 
1429 8804 6 0 2 3 5 7 8 1 
1430 8800 4 6 2 3 5 7 8 1 
1431 8814 3 6 2 8 5 7 1 0 
1432 8814 3 6 2 8 5 0 7 1 
1433 8823 6 0 4 2 5 7 8 1 
1434 8823 2 6 4 0 5 7 8 1 
1435 8830 4 3 7 5 6 8 2 1 
1436 8834 5 3 7 0 6 8 2 1 
1437 8843 6 0 4 7 5 8 2 1 
1438 8843 7 6 4 0 5 8 2 1 
1439 8854 3 6 8 7 5 2 1 0 
1440 8854 3 6 8 0 5 2 7 1 
1441 8864 6 5 7 0 3 8 2 1 
1442 8864 6 5 7 3 1 8 2 0 
1443 8877 4 6 3 0 5 8 2 1 
1444 8877 4 6 8 3 5 0 2 1 
1445 8882 7 4 6 0 3 8 1 5 
1446 8882 7 4 8 6 3 0 1 5 
1447 8897 6 0 2 3 4 8 1 5 
1448 8897 6 4 2 3 5 8 1 0 
1449 8900 6 4 7 2 3 8 1 5 
1450 8907 6 4 8 2 3 0 1 5 
1451 8917 6 4 2 1 3 8 5 0 
1452 8917 6 4 2 1 3 0 8 5 
1453 8927 4 3 6 0 5 2 8 1 
1454 8920 4 3 7 6 5 2 8 1 
1455 8930 3 6 7 2 4 8 1 5 
1456 8937 3 6 8 2 4 0 1 5 
1457 8940 7 6 2 3 4 8 1 5 
1458 8957 3 6 2 1 4 8 5 0 
1459 8957 3 6 2 1 4 0 8 5 
1460 8967 3 6 2 4 5 0 8 1 
1461 8967 3 6 2 0 5 8 4 1 
1462 8977 4 0 1 6 3 2 8 5 
1463 8977 4 3 1 6 5 2 8 0 
1464 8987 3 0 1 4 6 2 8 5 
1465 8980 7 3 1 4 6 2 8 5 
1466 8997 4 3 1 8 6 2 5 0 
1467 9004 3 0 7 1 6 2 8 5 
1468 9004 1 3 7 0 6 2 8 5 
1469 9010 4 3 7 8 2 1 5 6 
1470 9017 4 3 1 8 2 0 5 6 
1471 9027 3 0 8 4 2 1 5 6 
1472 9020 7 3 8 4 2 1 5 6 
1473 9037 4 3 8 5 2 1 6 0 
1474 9037 4 3 8 5 2 0 1 6 
1475 9040 7 4 8 2 3 1 5 6 
1476 9047 2 4 8 0 3 1 5 6 
1477 9050 7 4 8 6 3 1 2 5 
1478 9057 6 4 8 0 3 1 2 5 
1479 9067 4 3 8 6 5 0 1 2 
1480 9067 4 3 8 0 5 1 6 2 
1481 9074 3 0 7 8 6 1 2 5 
1482 9074 8 3 7 0 6 1 2 5 
1483 9087 3 6 8 0 4 1 2 5 
1484 9087 3 6 8 4 5 1 2 0 
1485 9098 7 3 4 0 6 1 2 5 
1486 9098 7 3 1 4 6 0 2 5 
1487 9103 1 0 2 4 7 8 5 6 
1488 9103 4 1 2 0 7 8 5 6 
1489 9112 3 1 8 4 7 5 6 0 
1490 9112 3 1 8 0 7 5 4 6 
1491 9122 1 7 4 3 6 8 5 0 
1492 9134 2 1 3 0 7 8 5 6 
1493 9134 2 1 8 3 7 0 5 6 
1494 9142 3 1 4 0 5 8 6 7 
1495 9142 3 0 4 5 1 8 6 7 
1496 9152 3 1 5 0 7 4 8 6 
1497 9150 3 1 2 5 7 4 8 6 
1498 9162 3 1 7 0 6 4 8 5 
1499 9160 3 1 2 7 6 4 8 5 
1500 9172 3 0 4 6 1 8 7 5 
1501 9172 3 1 4 6 5 8 7 0 
1502 9180 3 1 2 4 6 8 7 5 
1503 9182 3 1 8 4 6 0 7 5 
1504 9192 1 0 4 3 6 8 7 5 
1505 9190 2 1 4 3 6 8 7 5 
1506 9204 2 7 1 0 3 8 5 6 
1507 9204 2 7 8 1 3 0 5 6 
1508 9210 1 7 2 4 3 8 5 6 
1509 9212 1 7 8 4 3 0 5 6 
1510 9222 1 7 4 5 3 8 6 0 
1511 9222 1 7 4 5 3 0 8 6 
1512 9232 7 3 8 0 4 5 6 1 
1513 9232 7 0 8 4 3 5 6 1 
1514 9242 7 0 8 1 3 5 4 6 
1515 9242 7 3 8 1 6 5 4 0 
1516 9250 7 3 2 8 1 5 4 6 
1517 9252 7 3 5 8 1 0 4 6 
1518 9262 3 0 8 7 1 5 4 6 
1519 9260 2 3 8 7 1 5 4 6 
1520 9270 2 7 4 5 3 8 6 1 
1521 9272 5 7 4 0 3 8 6 1 
1522 9282 7 0 5 1 3 4 8 6 
1523 9282 7 3 5 1 6 4 8 0 
1524 9292 3 0 5 7 1 4 8 6 
1525 9290 2 3 5 7 1 4 8 6 
1526 9302 7 3 5 8 1 4 6 0 
1527 9317 3 0 2 5 1 4 8 6 
1528 9317 5 3 2 0 1 4 8 6 
1529 9322 3 0 4 8 7 5 6 1 
1530 9322 8 3 4 0 7 5 6 1 
1531 9334 2 3 5 8 7 6 1 0 
1532 9334 2 3 5 0 7 6 8 1 
1533 9344 3 7 8 0 2 5 6 1 
1534 9344 3 7 8 2 1 5 6 0 
1535 9358 4 3 2 0 7 5 6 1 
1536 9358 4 3 5 2 7 0 6 1 
1537 9364 2 0 8 6 3 5 1 7 
1538 9374 2 3 6 0 7 8 5 1 
1539 9370 2 3 4 6 7 8 5 1 
1540 9388 4 2 7 0 3 5 6 1 
1541 9388 4 2 5 7 3 0 6 1 
1542 9394 7 0 8 3 2 5 6 1 
1543 9394 7 2 8 3 1 5 6 0 
1544 9400 7 2 4 8 3 5 6 1 
1545 9404 7 2 5 8 3 0 6 1 
1546 9414 7 2 8 6 3 5 1 0 
1547 9414 7 2 8 6 3 0 5 1 
1548 9428 4 2 1 0 3 5 7 6 
1549 9428 4 2 5 1 3 0 7 6 
1550 9434 2 3 1 0 6 8 5 7 
1551 9430 2 3 4 1 6 8 5 7 
1552 9440 2 3 4 8 6 5 1 7 
1553 9444 2 3 5 8 6 0 1 7 
1554 9454 3 0 8 2 6 5 1 7 
1555 9450 4 3 8 2 6 5 1 7 
1556 9462 3 1 4 0 8 5 7 6 
1557 9462 3 1 4 8 6 5 7 0 
1558 9472 8 0 4 1 3 5 7 6 
1559 9472 8 3 4 1 6 5 7 0 
1560 9480 8 3 2 4 1 5 7 6 
1561 9482 8 3 5 4 1 0 7 6 
1562 9492 8 3 4 7 1 5 6 0 
1563 9492 8 3 4 7 1 0 5 6 
1564 9500 3 1 4 8 2 5 7 6 
1565 9504 3 1 5 8 2 0 7 6 
1566 9510 4 1 8 3 2 5 7 6 
1567 9524 3 1 8 2 6 0 5 7 
1568 9524 3 1 8 0 6 5 2 7 
1569 9538 4 0 2 1 3 5 7 6 
1570 9538 4 3 2 1 6 5 7 0 
1571 9548 3 0 2 4 1 5 7 6 
1572 9558 4 3 2 7 1 5 6 0 
1573 9558 4 3 2 7 1 0 5 6 
1574 9568 4 3 5 2 1 7 6 0 
1575 9568 4 3 5 0 1 7 2 6 
1576 9573 1 2 4 0 7 8 5 6 
1577 9573 1 2 4 7 6 8 5 0 
1578 9583 7 0 4 2 1 8 5 6 
1579 9583 7 1 4 2 6 8 5 0 
1580 9590 7 1 3 4 2 8 5 6 
1581 9593 7 1 8 4 2 0 5 6 
1582 9603 7 1 4 5 2 8 6 0 
1583 9603 7 1 4 5 2 0 8 6 
1584 9614 3 1 8 0 7 5 6 2 
1585 9614 3 0 8 7 1 5 6 2 
1586 9627 4 0 3 2 1 8 5 6 
1587 9627 4 1 3 2 6 8 5 0 
1588 9637 1 0 3 4 2 8 5 6 
1589 9647 4 1 3 5 2 8 6 0 
1590 9647 4 1 3 5 2 0 8 6 
1591 9657 4 1 8 3 2 5 6 0 
1592 9657 4 1 8 0 2 5 3 6 
1593 9660 3 1 4 7 5 8 6 2 
1594 9664 3 1 8 7 5 0 6 2 
1595 9674 1 0 7 3 5 8 6 2 
1596 9670 4 1 7 3 5 8 6 2 
1597 9684 3 1 7 6 5 0 8 2 
1598 9690 4 3 7 5 1 8 6 2 
1599 9694 5 3 7 0 1 8 6 2 
1600 9700 4 1 5 3 2 7 8 6 
1601 9714 3 1 5 8 2 7 6 0 
1602 9723 1 0 4 5 2 7 8 6 
1603 9723 5 1 4 0 2 7 8 6 
1604 9734 3 0 2 6 1 7 8 5 
1605 9734 3 1 2 6 5 7 8 0 
1606 9744 1 0 2 3 6 7 8 5 
1607 9740 4 1 2 3 6 7 8 5 
1608 9754 3 1 2 8 6 7 5 0 
1609 9754 3 1 2 8 6 0 7 5 
1610 9763 1 0 4 2 6 7 8 5 
1611 9763 2 1 4 0 6 7 8 5 
1612 9770 4 3 7 6 1 8 2 5 
1613 9774 6 3 7 0 1 8 2 5 
1614 9783 1 0 4 7 6 8 2 5 
1615 9783 7 1 4 0 6 8 2 5 
1616 9794 3 1 8 7 6 2 5 0 
1617 9794 3 1 8 0 6 2 7 5 
1618 9804 1 6 7 0 3 8 2 5 
1619 9804 1 6 7 3 5 8 2 0 
1620 9817 4 1 3 0 6 8 2 5 
1621 9817 4 1 8 3 6 0 2 5 
1622 9822 7 4 1 0 3 8 5 6 
1623 9822 7 4 8 1 3 0 5 6 
1624 9837 1 0 2 3 4 8 5 6 
1625 9837 1 4 2 3 6 8 5 0 
1626 9840 1 4 7 2 3 8 5 6 
1627 9847 1 4 8 2 3 0 5 6 
1628 9857 1 4 2 5 3 8 6 0 
1629 9857 1 4 2 5 3 0 8 6 
1630 9860 3 1 7 2 4 8 5 6 
1631 9867 3 1 8 2 4 0 5 6 
1632 9870 7 1 2 3 4 8 5 6 
1633 9887 3 1 2 5 4 8 6 0 
1634 9887 3 1 2 5 4 0 8 6 
1635 9897 3 1 2 4 6 0 8 5 
1636 9897 3 1 2 0 6 8 4 5 
1637 9900 7 4 2 5 3 8 6 1 
1638 9907 5 4 2 0 3 8 6 1 
1639 9917 4 0 5 1 3 2 8 6 
1640 9917 4 3 5 1 6 2 8 0 
1641 9927 3 0 5 4 1 2 8 6 
1642 9920 7 3 5 4 1 2 8 6 
1643 9937 4 3 5 8 1 2 6 0 
1644 9944 3 0 7 5 1 2 8 6 
1645 9944 5 3 7 0 1 2 8 6 
1646 9950 4 3 7 8 2 5 6 1 
1647 9957 4 3 5 8 2 0 6 1 
1648 9967 3 0 8 4 2 5 6 1 
1649 9960 7 3 8 4 2 5 6 1 
1650 9977 4 3 8 6 2 5 1 0 
1651 9977 4 3 8 6 2 0 5 1 
1652 9980 7 4 8 2 3 5 6 1 
1653 9987 2 4 8 0 3 5 6 1 
1654 9990 7 4 8 1 3 5 2 6 
1655 9997 1 4 8 0 3 5 2 6 
1656 10007 4 3 8 1 6 0 5 2 
1657 10007 4 3 8 0 6 5 1 2 
1658 10014 3 0 7 8 1 5 2 6 
1659 10014 8 3 7 0 1 5 2 6 
1660 10027 3 1 8 0 4 5 2 6 
1661 10027 3 1 8 4 6 5 2 0 
1662 10038 7 3 4 0 1 5 2 6 
1663 10038 7 3 5 4 1 0 2 6 
1664 10047 4 0 5 3 2 8 6 1 
1665 10047 4 2 5 3 1 8 6 0 
1666 10057 2 0 5 4 3 8 6 1 
1667 10050 7 2 5 4 3 8 6 1 
1668 10067 4 2 5 6 3 8 1 0 
1669 10067 4 2 5 6 3 0 8 1 
1670 10077 4 2 8 5 3 6 1 0 
1671 10077 4 2 8 0 3 6 5 1 
1672 10084 5 2 7 3 1 0 8 6 
1673 10084 5 2 7 0 1 8 3 6 
1674 10095 2 0 4 7 3 8 6 1 
1675 10095 7 2 4 0 3 8 6 1 
1676 10104 5 2 8 7 3 6 1 0 
1677 10104 5 2 8 0 3 6 7 1 
1678 10114 5 2 7 0 6 8 1 3 
1679 10114 5 0 7 6 2 8 1 3 
1680 10120 5 2 4 6 3 7 8 1 
1681 10135 4 2 1 0 3 7 8 6 
1682 10135 4 2 7 1 3 0 8 6 
1683 10144 2 3 1 0 6 5 7 8 
1684 10140 2 3 4 1 6 5 7 8 
1685 10154 2 0 5 6 3 7 1 8 
1686 10154 2 3 5 6 8 7 1 0 
1687 10160 2 3 4 5 6 7 1 8 
1688 10164 2 3 7 5 6 0 1 8 
1689 10174 3 0 5 2 6 7 1 8 
1690 10170 4 3 5 2 6 7 1 8 
1691 10184 3 1 5 2 6 0 7 8 
1692 10184 3 1 5 0 6 7 2 8 
1693 10195 4 0 2 1 3 7 8 6 
1694 10195 4 3 2 1 6 7 8 0 
1695 10205 3 0 2 4 1 7 8 6 
1696 10215 4 3 2 8 1 7 6 0 
1697 10215 4 3 2 8 1 0 7 6 
1698 10225 4 3 7 2 1 8 6 0 
1699 10225 4 3 7 0 1 8 2 6 
1700 10230 2 3 4 5 8 7 6 1 
1701 10234 2 3 7 5 8 0 6 1 
1702 10244 3 0 5 2 8 7 6 1 
1703 10240 4 3 5 2 8 7 6 1 
1704 10254 2 3 5 6 8 0 7 1 
1705 10260 4 2 5 8 3 7 6 1 
1706 10264 8 2 5 0 3 7 6 1 
1707 10270 3 1 2 4 5 7 8 6 
1708 10272 3 1 7 4 5 0 8 6 
1709 10282 1 0 4 3 5 7 8 6 
1710 10280 2 1 4 3 5 7 8 6 
1711 10292 3 1 4 8 5 7 6 0 
1712 10292 3 1 4 8 5 0 7 6 
1713 10302 3 1 4 5 6 0 7 8 
1714 10302 3 1 4 0 6 7 5 8 
1715 10310 2 5 4 1 3 7 8 6 
1716 10312 1 5 4 0 3 7 8 6 
1717 10322 5 3 4 1 6 0 7 8 
1718 10322 5 3 4 0 6 7 1 8 
1719 10332 5 3 7 4 1 8 6 0 
1720 10332 5 3 7 0 1 8 4 6 
1721 10342 5 3 4 0 8 7 6 1 
1722 10342 5 0 4 8 3 7 6 1 
1723 10352 5 3 8 0 1 4 7 6 
1724 10350 5 3 2 8 1 4 7 6 
1725 10361 7 4 3 0 2 8 5 6 
1726 10361 7 4 8 3 2 0 5 6 
1727 10377 3 0 1 2 4 8 5 6 
1728 10377 3 4 1 2 6 8 5 0 
1729 10380 3 4 7 1 2 8 5 6 
1730 10387 3 4 8 1 2 0 5 6 
1731 10397 3 4 1 5 2 8 6 0 
1732 10397 3 4 1 5 2 0 8 6 
1733 10407 4 2 3 0 6 1 8 5 
1734 10400 4 2 7 3 6 1 8 5 
1735 10417 4 0 1 6 2 8 3 5 
1736 10417 4 2 1 6 5 8 3 0 
1737 10427 4 2 8 1 6 0 3 5 
1738 10437 2 0 1 4 6 8 3 5 
1739 10430 7 2 1 4 6 8 3 5 
1740 10440 2 3 7 1 4 8 5 6 
1741 10447 2 3 8 1 4 0 5 6 
1742 10450 7 3 1 2 4 8 5 6 
1743 10467 2 3 1 5 4 8 6 0 
1744 10467 2 3 1 5 4 0 8 6 
1745 10477 2 3 1 4 6 0 8 5 
1746 10477 2 3 1 0 6 8 4 5 
1747 10481 7 2 8 4 3 5 6 0 
1748 10481 7 2 8 0 3 5 4 6 
1749 10497 4 2 8 1 5 0 6 3 
1750 10507 2 0 1 4 5 8 6 3 
1751 10500 7 2 1 4 5 8 6 3 
1752 10517 4 2 1 6 5 0 8 3 
1753 10520 7 4 1 5 2 8 6 3 
1754 10527 5 4 1 0 2 8 6 3 
1755 10537 4 0 5 3 2 1 8 6 
1756 10537 4 2 5 3 6 1 8 0 
1757 10547 2 0 5 4 3 1 8 6 
1758 10540 7 2 5 4 3 1 8 6 
1759 10557 4 2 5 8 3 1 6 0 
1760 10564 2 0 7 5 3 1 8 6 
1761 10564 5 2 7 0 3 1 8 6 
1762 10570 4 2 7 8 1 5 6 3 
1763 10577 4 2 5 8 1 0 6 3 
1764 10587 2 0 8 4 1 5 6 3 
1765 10580 7 2 8 4 1 5 6 3 
1766 10597 4 2 8 6 1 5 3 0 
1767 10597 4 2 8 6 1 0 5 3 
1768 10600 7 4 8 1 2 5 6 3 
1769 10607 1 4 8 0 2 5 6 3 
1770 10610 7 4 8 3 2 5 1 6 
1771 10617 3 4 8 0 2 5 1 6 
1772 10627 4 2 8 3 6 0 5 1 
1773 10627 4 2 8 0 6 5 3 1 
1774 10634 2 0 7 8 3 5 1 6 
1775 10634 8 2 7 0 3 5 1 6 
1776 10647 2 3 8 0 4 5 1 6 
1777 10647 2 3 8 4 6 5 1 0 
1778 10658 7 2 4 0 3 5 1 6 
1779 10658 7 2 5 4 3 0 1 6 
1780 10664 1 0 3 6 2 7 8 5 
1781 10664 1 2 3 6 5 7 8 0 
1782 10674 2 0 3 1 6 7 8 5 
1783 10670 4 2 3 1 6 7 8 5 
1784 10684 1 2 3 8 6 7 5 0 
1785 10684 1 2 3 8 6 0 7 5 
1786 10691 2 0 4 3 6 7 8 5 
1787 10691 3 2 4 0 6 7 8 5 
1788 10700 4 1 7 6 2 8 3 5 
1789 10704 6 1 7 0 2 8 3 5 
1790 10711 2 0 4 7 6 8 3 5 
1791 10711 7 2 4 0 6 8 3 5 
1792 10724 1 2 8 7 6 3 5 0 
1793 10724 1 2 8 0 6 3 7 5 
1794 10734 2 6 7 0 1 8 3 5 
1795 10734 2 6 7 1 5 8 3 0 
1796 10740 2 3 1 4 7 8 5 6 
1797 10741 2 3 8 4 7 0 5 6 
1798 10751 3 0 4 2 7 8 5 6 
1799 10750 1 3 4 2 7 8 5 6 
1800 10761 2 3 4 5 7 8 6 0 
1801 10761 2 3 4 5 7 0 8 6 
1802 10771 2 3 4 7 6 0 8 5 
1803 10771 2 3 4 0 6 8 7 5 
1804 10780 1 7 4 3 2 8 5 6 
1805 10781 3 7 4 0 2 8 5 6 
1806 10791 7 2 4 3 6 0 8 5 
1807 10801 7 2 4 0 5 8 6 3 
1808 10801 7 0 4 5 2 8 6 3 
1809 10811 7 2 5 0 3 4 8 6 
1810 10810 7 2 1 5 3 4 8 6 
1811 10820 1 2 4 8 7 5 6 3 
1812 10824 1 2 5 8 7 0 6 3 
1813 10834 2 0 8 1 7 5 6 3 
1814 10830 4 2 8 1 7 5 6 3 
1815 10844 1 2 8 6 7 5 3 0 
1816 10844 1 2 8 6 7 0 5 3 
1817 10850 4 1 8 7 2 5 6 3 
1818 10854 7 1 8 0 2 5 6 3 
1819 10864 1 2 8 3 6 0 5 7 
1820 10864 1 2 8 0 6 5 3 7 
1821 10871 2 0 4 8 3 5 7 6 
1822 10871 8 2 4 0 3 5 7 6 
1823 10881 2 0 4 7 5 8 6 3 
1824 10894 1 2 8 7 5 6 3 0 
1825 10894 1 2 8 0 5 6 7 3 
1826 10904 2 5 7 0 1 8 6 3 
1827 10904 2 5 7 1 3 8 6 0 
1828 10914 1 2 6 0 5 7 8 3 
1829 10910 1 2 4 6 5 7 8 3 
1830 10927 4 1 5 0 2 8 6 3 
1831 10927 4 1 8 5 2 0 6 3 
1832 10934 5 0 7 2 1 8 6 3 
1833 10934 5 1 7 2 3 8 6 0 
1834 10940 5 1 4 7 2 8 6 3 
1835 10944 5 1 8 7 2 0 6 3 
1836 10954 5 1 7 6 2 8 3 0 
1837 10954 5 1 7 6 2 0 8 3 
1838 10964 1 2 5 3 6 0 7 8 
1839 10964 1 2 5 0 6 7 3 8 
1840 10974 1 2 5 0 8 7 6 3 
1841 10974 1 0 5 8 2 7 6 3 
1842 10981 2 3 4 0 5 7 8 6 
1843 10981 2 3 4 5 6 7 8 0 
